version https://git-lfs.github.com/spec/v1
oid sha256:c3855e7c0a818f03a1e90e4f23e0ad5d058dfbd1f276f1aab15d1f02693c1d0d
size 12472
